539.652463
511.675262
514.719857
534.892591
531.444400
546.054581
539.236589
528.657841
527.799322
529.151611
540.587992
533.533384
544.770269
528.766377
520.681873
529.833444
545.580327
541.641679
501.961579
516.224996
538.081881
541.200475
533.789373
539.717199
537.114044
529.585613
528.677592
522.779402
511.420691
532.467384
539.001045
511.970190
548.077666
545.249646
522.278854
536.313678
540.580605
544.120577
516.701518
517.759059
504.544841
511.708213
506.184597
508.128151
523.025212
512.990012
502.400953
486.004962
481.078564
486.607277
509.657011
486.518270
506.799297
502.111273
482.727239
480.721991
501.633884
489.234662
493.761742
491.956511
488.176878
503.765418
515.289744
534.973443
516.847797
519.359677
513.063323
525.985499
529.108672
519.180145
523.464176
527.993618
549.127754
546.412903
550.214168
545.380107
542.708815
560.715113
540.089480
540.983846
547.216146
525.666964
533.533486
543.100508
518.085184
534.113588
516.107398
526.746280
527.151485
523.649725
524.275291
525.144529
538.120424
547.065907
552.538477
558.068760
538.867861
543.090542
537.382013
540.053667
543.692525
540.875346
521.053380
546.992360
538.693286
540.258771
564.194261
528.238847
516.465294
500.611631
509.718240
529.271754
509.900974
509.207106
514.244337
508.617178
536.702388
518.344445
538.240316
522.723390
526.818250
510.907355
527.096310
532.662685
534.084935
532.617046
527.523379
532.289926
532.670692
526.091466
511.730536
535.373544
524.233193
546.389606
522.607617
532.727058
533.760987
548.701492
542.495387
538.946373
546.236658
536.033564
536.025896
533.329986
524.562561
530.455506
546.795386
563.887996
545.948163
557.248598
531.058876
531.924730
540.006939
545.645476
533.775131
535.835503
538.877797
519.119315
526.139828
541.931656
548.925982
560.916393
562.440761
545.608872
554.924728
555.436555
560.587588
547.722066
534.481956
526.922059
525.303957
524.597902
518.599783
512.292557
527.691071
528.927864
553.759281
536.095584
531.548962
538.650150
544.293819
559.001555
549.067820
547.407525
504.320998
516.598274
546.323278
536.186983
564.349236
546.940240
536.722105
538.206141
551.671714
545.544637
546.277021
548.530004
534.148996
539.667110
545.258909
542.389932
552.252579
538.484027
540.908905
541.179620
543.900844
540.830044
541.947232
523.915711
507.880923
524.669323
547.109936
541.805747
532.991206
539.222351
516.575336
533.870172
537.514107
542.976879
527.100890
536.740595
532.189255
543.790665
539.405437
542.936899
536.470257
547.586340
550.918228
555.061187
533.351147
527.423918
541.393927
528.882267
495.959769
513.405648
516.827970
521.847033
537.947562
518.313418
515.233839
521.224825
520.029694
512.187988
506.678443
515.175848
512.650380
506.851861
524.148200
530.062120
537.489651
530.881861
535.250899
540.157098
525.364730
514.935722
502.736596
532.390441
518.292202
504.543138
500.469291
521.498624
536.060637
524.266808
517.840557
532.067380
509.664523
483.795363
503.997469
524.602972
538.367520
547.066237
536.428013
493.728990
506.070403
517.837729
547.250991
562.646973
543.249888
565.342878
555.915533
546.861868
536.645477
544.887960
537.358929
545.624531
527.751713
528.910367
532.348760
540.848622
538.930603
562.820567
538.459471
545.028270
533.239489
545.557878
541.292266
546.008083
545.234500
548.482285
553.858217
559.654801
560.075150
545.095086
555.346181
534.095792
541.636291
543.765765
542.849546
528.149502
522.851730
524.965684
553.266044
555.658683
530.535565
528.468956
558.945994
542.063892
525.366557
508.784348
519.644359
518.333209
537.971292
537.534129
534.711158
512.188276
530.166841
526.920669
529.894964
513.144451
530.734505
519.269545
536.841845
509.503410
516.091404
538.212598
534.166992
529.866258
532.026590
537.536445
544.684188
544.608479
559.227219
560.072605
549.908584
529.702891
527.499719
529.011399
537.990602
543.374543
535.391189
527.929219
520.366519
526.316131
534.625151
532.792190
543.511427
525.944273
527.593472
546.518810
537.134575
545.686530
529.371077
557.989977
529.932073
542.190776
548.592181
542.461292
536.469016
532.375471
524.890849
525.018018
523.692237
530.867101
535.897125
525.563550
541.168317
560.749578
531.530381
535.941322
546.533500
537.836828
530.481762
550.458049
531.860554
545.205553
524.440108
527.663326
520.375287
509.335433
516.002993
513.274853
515.466432
518.665328
511.529246
524.815493
518.538370
519.214118
529.895260
524.580113
526.716510
528.183208
518.082237
531.894183
521.673432
520.506746
515.765791
530.616868
522.910479
528.576003
542.506853
529.235524
521.751817
522.477867
514.921087
508.269892
506.441788
507.352569
518.580927
509.322816
536.949538
534.714786
526.474432
539.210523
535.027219
531.646913
533.706580
535.638061
530.776054
525.254681
520.652359
515.849175
511.009470
518.918176
532.221722
549.225810
542.084877
518.965906
501.527194
512.514163
534.913554
532.583951
536.726450
546.263987
545.438554
541.665869
538.676937
533.594955
529.485550
524.045213
550.320890
538.878642
533.807624
538.208134
548.431182
549.444959
530.589160
525.528508
531.558272
503.176076
525.397064
517.965576
519.741717
534.431447
527.161890
526.193499
511.911652
505.803725
505.887400
521.268081
520.465376
509.015002
522.520713
538.831910
552.785112
512.774747
528.153285
526.637101
542.933351
546.555139
520.544652
502.773292
513.682341
545.956603
513.824595
540.398204
530.427852
533.425895
528.493334
532.720078
520.579775
517.840026
511.289154
523.542766
518.872836
520.772185
518.863388
538.020868
533.530196
521.102994
533.920605
529.841333
532.444524
532.934862
542.711289
524.632277
536.713033
522.980055
523.156512
531.613220
547.519284
533.762661
513.246056
501.663293
517.854608
547.293045
511.865174
497.201679
505.349051
500.309776
494.827510
500.335555
501.032755
493.361234
505.161538
510.843896
518.068474
516.481781
537.203281
541.209469
519.254265
514.480685
537.169456
510.576897
530.316690
533.250618
532.468242
527.453604
535.128305
523.139821
512.112920
529.769414
519.025432
515.178756
515.757793
526.023219
505.507072
502.553240
508.629456
521.343058
530.023733
546.889455
521.145232
527.664927
516.553234
509.118564
513.677918
514.321667
530.202464
527.366641
542.471240
514.252478
525.496865
521.043332
527.188731
503.436136
502.575118
510.801280
517.807345
545.107405
538.527704
546.298663
539.306575
537.884642
539.575487
524.793727
516.940503
529.463645
547.776121
541.083684
557.793744
534.806026
528.621921
536.776465
540.095107
543.024552
538.008864
536.282377
511.460801
519.920128
529.862745
543.215776
542.546856
558.351750
529.653678
526.862915
518.586094
524.691696
540.341832
538.263717
540.596187
537.974420
546.457639
548.637314
547.112017
534.904325
502.446516
517.597518
516.060069
518.382583
532.864761
533.267079
534.579173
518.267057
528.534990
540.593238
518.565446
512.745283
539.810678
517.927943
523.234120
517.346813
524.137002
526.970808
523.160655
523.773159
514.750388
534.560320
523.225131
516.314772
527.884669
551.226893
551.174153
540.223247
535.872288
537.366855
531.419272
525.085770
541.058948
528.370648
540.128398
542.357010
522.540431
546.835315
559.786792
556.254617
554.715191
539.020125
518.362004
540.516191
541.713682
535.148278
528.616901
548.084116
565.996350
545.304432
527.750038
535.134727
540.488531
551.126943
540.793621
542.741127
532.991019
524.308098
529.541990
556.082489
553.412117
539.688210
527.587761
546.213092
527.264356
518.408131
525.151238
498.214482
527.071440
541.131744
531.025431
516.875080
512.908741
513.971301
521.709481
528.161774
551.496565
525.389315
520.785372
525.714004
509.235152
524.061930
513.126762
502.664028
510.189704
501.970100
500.808910
513.690898
516.600840
503.574809
528.542863
525.436576
541.048645
551.807613
565.582160
529.933939
535.789592
535.587395
514.410725
532.887411
534.318273
543.790539
529.960979
549.781654
550.446471
528.715616
531.542469
522.577128
527.833111
524.374924
523.463380
518.252004
514.640524
515.052756
509.073308
533.091906
546.844955
515.117707
508.123215
524.587053
523.573329
509.572023
509.797837
510.598209
536.716138
528.442072
525.056034
524.168616
517.355040
528.539058
537.720453
530.723220
536.936559
526.684387
534.544478
543.738287
545.728317
536.110039
535.708293
540.044244
538.571200
545.989638
566.751842
548.975092
544.966299
535.181122
526.859585
541.555718
556.170934
545.849140
541.378291
550.041166
541.424456
541.755150
547.654013
545.940924
540.833379
541.666315
537.083144
535.807327
512.490665
547.724148
544.746329
527.679013
540.342064
539.190523
530.846016
511.486768
515.134328
521.775137
535.130442
517.283612
530.307234
535.875945
551.200333
553.252853
563.185104
545.550694
555.932963
542.046627
517.809148
534.099282
518.998548
548.005937
545.043981
541.025528
552.558004
539.960163
537.056947
532.230224
545.039099
551.982943
537.799065
546.774970
534.317222
528.236704
523.208433
512.296740
533.494698
523.002443
535.650132
545.304013
534.703823
527.234785
547.446639
541.275051
526.212855
551.295509
549.158675
558.833520
536.788898
534.703070
530.365160
540.993453
550.450765
529.548257
534.325286
548.458552
537.320100
530.056572
523.916720
520.829041
540.331406
535.981451
515.428502
499.402390
510.334103
518.538841
524.009122
522.039358
485.919797
506.114408
498.450831
506.064867
505.234741
490.706737
507.888910
504.796733
502.586242
521.281332
508.971372
499.347276
517.509542
505.061606
504.881294
509.464827
505.612502
514.160100
513.760305
518.186335
512.880726
509.986778
533.994914
540.493013
536.301855
535.607837
545.940298
525.585853
531.068040
521.897500
526.810707
517.657011
520.049879
534.781813
519.434112
516.784444
525.787948
501.308126
516.222978
520.880237
521.090870
527.287409
521.928678
538.230812
525.415898
543.563852
547.692945
548.701147
549.629016
549.858514
544.170704
536.116082
523.009375
510.858580
536.271848
543.901554
544.511233
540.710168
541.621495
549.439323
538.554055
536.494774
551.567366
556.275807
540.747249
547.304713
532.197363
527.392263
554.544884
549.644620
541.583677
543.593781
544.190494
524.610461
527.576352
519.536207
546.564032
543.008981
532.443494
546.868575
541.089106
542.433589
560.513072
507.151724
491.299975
523.531792
522.410796
536.488869
553.520570
540.289224
550.581047
554.975175
560.264488
552.885825
551.446640
537.664774
541.543136
539.566784
523.506183
541.637283
540.638569
544.664617
543.071427
524.642959
533.306832
509.358319
529.669913
536.995679
536.210826
530.098857
528.945288
532.906994
539.145501
553.141261
547.455534
562.762609
553.600851
554.274118
554.541111
549.411931
535.995663
533.811971
538.502757
519.947229
555.117062
532.319122
531.798825
511.367913
518.675114
530.985091
537.232446
539.561666
536.684673
533.006834
512.093038
532.420816
526.843062
541.617216
538.667704
555.364867
542.041453
562.940793
558.199372
554.138019
550.318824
531.937267
539.024191
543.179969
537.489623
517.788261
533.508259
547.305165
539.831691
537.967777
538.559758
547.664520
538.871692
547.469820
534.300932
541.082510
544.241196
548.297597
523.746084
515.022736
529.863969
529.719804
530.048078
534.856984
524.450115
512.439553
518.367474
525.565478
509.616639
509.864991
517.547298
519.712190
526.463730
516.409343
521.928801
508.416306
513.398239
537.043176
537.035203
539.942546
536.952390
524.756360
523.129484
533.813563
533.225275
547.210526
538.971939
524.006777
519.038058
520.899570
519.198742
518.691868
515.080691
516.122087
529.403814
538.978405
543.074568
545.071279
543.735572
517.990504
526.130017
536.940203
531.448340
518.769605
538.927299
527.351781
544.517724
546.385086
548.444023
538.743197
530.383854
534.869497
536.581959
557.677679
537.410645
536.935031
528.483363
536.550886
536.419275
563.994210
548.441935
555.366784
536.813464
556.010045
536.753893
553.534794
548.927174
562.409603
534.181274
529.101412
532.400894
541.236340
541.714013
543.178196
542.780346
536.556052
534.090210
554.257317
530.597066
530.652414
547.909578
546.440084
543.748462
521.571551
532.714952
535.890398
540.744193
537.896056
539.838595
544.592667
531.025744
536.173354
540.427758
534.497572
518.114312
534.262487
514.112439
535.352832
522.113705
534.153520
541.904931
550.662737
536.469342
556.508229
542.053103
548.275685
549.876926
554.486254
528.043331
531.694843
524.612838
537.676227
551.215098
519.390005
522.606161
538.143918
542.745996
509.596983
515.564975
520.687154
533.653102
539.120816
522.535277
533.900812
531.867879
523.258939
538.142861
525.439119
519.808603
515.316599
518.589117
543.467209
532.581055
542.536441
531.390158
547.088276
527.727491
548.493277
514.281772
535.304479
538.956519
524.157239
541.661964
541.458922
545.461056
559.432979
549.765197
524.536215
550.460955
531.080550
546.733587
532.228731
499.477587
510.611871
541.206500
535.863060
527.477341
536.640767
547.248648
544.342683
563.886758
545.317638
545.040627
534.741669
544.228160
527.398489
529.969247
534.150234
534.586645
533.797425
531.605790
515.517027
515.897022
526.384393
532.840370
533.536679
539.717834
534.383416
540.995801
522.905788
522.663281
529.331822
509.432558
531.376220
528.266288
518.908872
534.426105
537.206709
531.155661
524.956153
529.102149
540.857302
520.243380
547.295979
526.832209
520.431742
519.069375
510.471616
511.234198
533.026840
510.999003
525.183724
521.505530
522.564734
516.624114
531.955090
527.802518
552.516101
529.160811
534.358207
526.881810
539.526729
523.591037
536.424263
536.607620
530.151190
534.937190
529.639078
517.999555
539.159652
539.003212
543.091618
548.609040
546.558325
533.379418
541.985976
530.921256
529.940577
524.403237
519.457055
506.756513
565.362888
553.479978
535.482807
515.419590
529.899903
539.310522
543.392444
536.836980
544.716102
541.847956
537.206538
539.419979
534.132006
551.126821
521.412438
545.165868
523.338516
542.383299
528.120240
529.023432
521.555341
520.746148
538.770005
518.732072
536.471423
538.468502
554.854286
551.832298
546.552624
534.793675
541.829651
560.030297
555.899922
551.914250
554.019205
543.762771
531.782435
520.130481
530.912518
529.593754
506.507903
512.156905
504.302964
512.229844
522.598086
523.229511
527.806759
523.581130
498.832676
524.869486
514.739062
530.415474
523.904185
535.817454
530.941775
524.702803
514.951430
510.108493
516.778350
527.911273
525.721038
512.889474
534.711045
534.096524
562.563243
545.805215
532.823018
533.022717
549.099284
553.513924
544.416256
537.032529
529.967442
501.258337
521.155380
511.806749
536.046618
537.207085
518.823227
546.211516
547.551434
536.147707
531.022063
533.777290
522.781870
513.737289
520.966910
527.067214
536.038909
544.432673
530.462130
522.960814
521.638606
518.332881
524.055280
532.352505
525.337099
506.021508
518.147981
533.336100
538.180017
544.684967
547.184974
547.470502
538.530386
539.964201
534.411753
539.744785
542.283940
534.374497
564.242996
545.646409
541.922403
541.245324
537.891301
553.429087
509.914721
527.077980
538.630063
546.579323
550.977424
536.601767
531.953862
541.563666
535.516531
529.692531
563.254782
560.731180
546.610205
549.687845
553.434299
553.846832
516.499402
526.809488
533.218751
535.763054
532.013953
547.657144
532.217121
524.734062
524.643207
537.625777
530.216717
547.628039
555.694619
538.507948
519.139516
532.166571
538.685579
530.520213
537.533842
525.953552
524.009117
517.355964
532.084065
509.150772
524.021888
527.527763
529.969473
532.436868
537.765154
542.395733
523.606423
535.855605
535.406148
510.538062
522.744811
495.607242
515.452179
521.930823
503.947611
523.609629
528.022254
546.844719
528.612233
536.257327
536.577452
547.882449
549.468146
534.768928
547.047685
535.887359
527.066141
550.040249
536.775734
542.584145
518.840112
530.360273
542.170226
532.785992
544.809953
531.153533
542.641196
511.000585
535.583436
533.723517
540.517544
540.542664
529.695599
534.038915
517.861321
519.381767
521.392336
531.476822
517.675000
519.558146
512.558768
538.992462
540.744775
539.160930
536.139279
530.517167
528.536647
530.233252
535.220632
511.722290
518.904126
504.812374
530.794055
541.028336
545.863413
545.697812
546.907706
545.121957
545.771910
551.505158
544.796640
535.398968
550.247242
526.262801
544.688247
540.036646
533.782787
558.260646
548.254888
531.968239
529.336916
516.630204
510.053301
527.549113
547.809715
552.413500
549.054746
557.597932
556.959329
552.684145
550.736261
518.863610
542.492261
531.935275
523.043267
528.022577
513.276396
541.855829
550.880728
527.834916
527.687560
539.725484
547.182232
539.222050
534.477467
529.971703
521.611002
535.275248
530.445699
537.168962
541.687745
534.915229
539.279969
527.553753
534.999082
555.473408
541.528973
546.858984
534.468444
539.231606
533.907159
544.859191
551.820343
531.707591
538.446982
545.507708
529.202040
533.540241
522.318096
509.228376
528.833439
547.989693
537.178199
535.134458
534.254238
519.754345
542.433517
539.830096
534.201279
544.120070
528.972626
525.169681
530.648603
527.712737
515.996760
521.445303
521.341498
518.158550
523.281792
528.035004
536.391257
514.346463
526.511480
535.350026
543.486244
520.483638
539.983849
531.662149
544.383071
525.434896
501.380719
515.921787
534.658932
534.107450
524.264897
504.963245
534.261709
516.049335
519.271237
517.873235
540.574009
537.761699
532.005348
523.499353
527.732776
508.523872
516.365550
539.258539
543.846244
533.351594
538.269721
544.262344
546.569260
522.725449
541.633552
554.531282
557.277096
557.011271
537.674566
533.959914
547.714940
561.489708
544.445305
532.329709
530.565616
537.745429
532.293273
525.744397
544.208814
540.178469
554.491037
556.989540
552.299928
550.465704
537.774446
545.250423
539.911581
545.509176
516.173626
525.835398
516.439331
509.649563
527.649759
518.361072
518.098546
526.290350
542.703792
523.158999
523.216336
529.773747
540.948672
540.885564
545.561337
548.017987
558.155808
559.254311
557.221602
544.395757
534.314312
546.974147
535.264029
532.553225
520.431895
504.547497
499.927491
511.751378
506.159304
511.381767
530.178070
536.170250
536.536741
519.716020
518.792803
513.009387
527.944615
552.011256
546.829967
549.627357
549.413335
549.294087
533.343637
536.966686
539.580953
550.359505
535.328966
526.738067
532.984942
522.514808
524.546151
536.803008
547.902707
552.190760
529.653763
550.951603
534.514223
512.693242
510.342886
526.437407
538.674430
537.962043
514.512997
515.796926
533.407831
530.498596
532.307476
527.142549
552.887124
546.344381
557.646882
549.205837
559.043172
536.576156
516.905227
523.429546
524.821662
530.797229
532.657840
511.029436
522.202469
510.103080
541.109558
536.473257
539.670026
519.453233
543.358173
547.517856
539.543129
548.280181
545.781865
560.626281
557.924879
508.465033
537.994851
529.309672
544.296940
519.637433
529.789450
546.214193
542.382833
552.971619
536.642736
542.568826
529.059112
524.293116
518.931687
547.248139
542.233717
520.316597
515.444125
517.958290
525.616848
537.377120
548.237133
533.028780
519.448517
523.900276
520.498339
530.146540
523.166225
544.597245
535.545819
564.698530
556.926268
560.973055
550.347762
533.905147
536.538683
514.230672
514.684530
506.175078
509.996351
509.346234
522.312723
544.931273
526.938981
533.485004
536.694774
543.140197
525.098882
539.363376
539.629472
535.366960
537.384285
533.636999
533.598392
545.722955
539.174851
541.523658
530.657162
522.362856
532.629101
523.380665
541.703087
533.009728
533.254241
523.518723
517.797528
525.330405
523.583696
532.080724
540.689301
528.829641
547.952195
546.225555
521.865812
532.892156
536.695720
543.102763
528.873755
534.514962
541.315517
539.684924
546.057359
528.043335
528.346959
519.524956
533.631515
528.069339
542.212482
539.019168
533.163535
518.258912
529.296386
517.003467
522.349483
545.255431
533.701460
545.550121
547.415938
521.040265
534.286952
507.633302
511.904853
540.093163
527.288706
543.733642
537.368233
548.569053
548.114736
513.943361
513.829344
513.442026
515.255782
508.067668
542.003244
522.421930
530.263243
520.544289
505.926389
514.004291
526.037125
539.381383
548.289399
538.113989
545.552955
525.964787
533.177969
552.172724
521.239429
542.613330
534.635246
545.697991
520.773686
521.896767
529.895226
539.840004
547.315706
522.033161
530.006104
534.788777
508.173779
514.015696
511.433163
532.864974
519.502557
506.798444
519.970624
481.008946
504.115410
498.947671
496.049962
519.426703
515.559376
524.258230
514.958293
519.996942
534.417328
522.693514
526.201453
509.971349
540.308381
521.197075
524.442141
535.743027
523.039140
525.242639
530.596948
522.346497
526.058690
517.705740
524.925764
524.640726
528.734617
548.643169
518.660144
528.999710
520.492939
526.311720
524.028750
524.330371
539.420335
531.746223
539.899969
542.595595
494.530515
516.973783
532.037022
524.762508
513.034578
542.721576
524.207636
504.078345
500.490056
524.027872
539.764963
525.955933
532.895653
513.564107
534.510662
555.541175
547.287352
518.642903
531.282741
547.995063
538.054612
543.955395
512.592442
527.024796
515.642750
550.870784
546.046367
523.422845
524.842941
536.684407
521.846408
510.700675
535.643698
531.495214
526.376259
541.764278
532.460784
532.326450
529.047801
516.646321
548.763719
544.993137
541.402770
541.852658
539.558504
539.001815
528.857267
539.955536
539.879841
536.993467
527.904588
507.252036
528.968676
520.061586
531.925839
526.729952
548.895442
516.584415
515.483553
527.611305
524.270883
522.236318
529.445031
514.342687
530.149503
526.492655
532.295990
557.715864
541.944320
536.407423
538.530544
531.801055
524.952240
503.391496
533.476271
538.561595
526.503278
540.154595
531.952983
544.635315
533.980458
546.472198
548.284916
551.454005
523.462636
534.322672
519.634440
528.315915
533.728089
517.458285
544.071364
546.936933
544.476670
534.060182
525.080957
531.468393
550.728896
541.548547
539.243676
537.438380
540.453527
549.673253
531.479327
502.426289
513.029943
515.574562
523.946855
534.488835
538.605641
541.205048
520.498277
537.332885
536.769673
551.481297
544.458387
533.957473
532.004073
522.797068
542.806503
531.486446
551.137479
548.386236
547.612150
546.114025
543.377926
537.956137
545.389730
529.322672
558.880344
549.440023
547.381165
547.735757
551.208401
548.676287
550.502684
540.735938
545.331650
534.803025
529.210363
528.591963
524.250727
500.699958
527.518799
528.405938
542.513505
507.899260
548.708402
547.683793
531.441968
536.073928
525.831948
535.785057
527.334083
516.538713
519.740347
523.553831
531.614578
522.501737
524.491607
522.755565
527.297186
520.608145
523.885583
524.039869
535.452475
542.068113
535.644655
504.775113
523.928494
534.187752
527.756861
538.115879
523.627059
531.098079
525.096805
537.074111
518.499508
521.537838
521.606926
500.068490
520.713757
520.772520
519.272412
525.468644
520.364266
527.164607
523.485680
527.187913
525.287328
534.983822
535.936601
547.652122
541.943497
525.997419
519.555815
514.257234
497.493608
526.128262
525.543547
534.708766
521.526984
538.880117
528.615792
535.433381
542.022876
549.430826
537.121370
529.041647
517.243554
531.421013
518.186414
526.515684
525.281106
519.439642
525.848092
532.813492
533.219261
533.096758
529.503295
520.175907
513.871605
535.172369
543.557438
536.695536
533.230812
545.097927
529.977283
538.726553
537.150870
527.011976
539.091741
527.201710
539.529128
544.563868
526.555752
526.280619
534.122516
543.173218
550.020649
560.976443
549.699709
543.552670
550.359314
526.371248
535.718810
534.567460
536.195588
496.603683
517.299904
537.335877
525.824133
527.888824
532.436136
533.690511
541.388793
528.442414
526.856312
546.629262
537.058126
522.312142
529.006299
528.828768
538.861082
560.559793
563.688091
553.587732
555.598803
539.221444
524.737044
520.942753
514.898279
522.256545
531.169387
527.915573
541.634425
544.196954
532.004299
525.300004
533.030612
519.980266
512.168421
507.292853
517.264499
513.320552
516.192227
523.948351
526.901851
523.451309
551.292199
549.595089
528.534176
529.972009
535.015338
524.113670
538.071116
532.546883
541.409822
529.215795
539.152663
536.949552
528.489109
535.961066
527.449194
515.448781
525.271822
527.181371
526.023998
524.870592
519.868805
529.217603
532.501326
538.644798
546.760572
535.547780
537.197571
536.994857
538.863663
523.264492
518.596420
541.072781
542.555663
534.127332
532.580114
530.854273
536.187662
524.577312
545.155293
514.597321
527.020994
531.048444
536.087374
545.277240
542.194055
532.467609
516.927590
505.053076
521.433032
518.481442
539.005272
517.383177
492.197039
503.148638
514.618469
501.224626
516.955061
521.646692
525.645999
518.992407
515.688184
529.572285
515.039924
502.045274
518.232543
513.258314
514.977945
520.740767
522.967701
524.765394
517.311417
515.246549
533.916483
524.363952
505.958469
508.207735
514.450603
523.828470
499.748148
517.070816
513.254103
528.235330
519.750105
526.178659
541.036903
527.500321
522.116419
532.930741
539.662849
521.782795
506.749457
502.347810
503.727793
521.088566
520.315944
535.051964
527.017388
511.133328
504.197659
517.103544
514.733668
521.581238
519.498150
502.054009
498.130315
527.527031
510.300539
501.943253
530.122534
518.659723
515.228517
531.248190
521.046864
526.265941
533.484356
510.450280
541.764028
519.418432
526.056282
519.899363
514.493616
498.627770
520.074446
521.481713
503.404140
529.594810
545.503933
526.830265
527.479893
528.739943
528.512135
516.666166
529.632752
512.208487
514.878024
521.437886
506.655554
510.681688
514.971412
513.214782
505.474644
526.886222
521.084745
500.701041
512.268343
518.641305
536.908556
506.327548
515.842689
507.803534
504.304112
520.838723
522.551534
517.981163
511.427507
500.716606
529.116888
543.732051
525.012929
511.606954
527.874259
519.720198
520.423142
514.357597
510.227560
498.599606
523.599894
508.112644
515.933647
524.867995
511.142380
518.444364
520.248473
513.825622
518.693754
528.769270
498.881885
515.756558
501.583505
517.875198
520.274305
520.701620
503.882787
516.634859
512.515896
516.704098
511.445200
520.532319
515.723615
511.311867
508.036769
513.344428
517.431153
531.176664
547.569923
521.394349
502.551199
532.016967
522.729592
525.635012
516.134966
511.972371
519.140630
513.282901
520.991879
511.260675
526.691243
532.178190
536.217154
524.615617
544.166009
537.762040
546.508864
561.583792
540.793649
561.487447
534.006431
548.143864
521.800491
533.414442
526.415232
536.343243
523.597458
528.788544
525.677909
535.661703
551.486527
536.424014
529.264080
510.269661
539.672289
533.482281
530.304213
526.898868
539.107346
551.718586
547.919353
524.134409
518.129170
546.674825
521.816948
529.971206
535.027269
527.826061
515.203438
525.091744
526.118817
541.889647
527.755930
533.976785
534.223281
530.757898
518.666306
523.939716
525.505593
516.130163
527.119479
541.653622
547.740619
547.685442
539.611314
519.659856
516.354500
516.004353
496.870478
514.133880
515.123137
518.675061
525.367883
527.601398
526.499771
531.642576
527.199680
534.660102
508.163579
524.488792
534.705424
522.390669
512.317442
516.634977
546.581652
516.832520
533.413092
542.015728
545.157821
563.121398
495.121627
523.494385
510.293129
496.576791
514.038782
510.167351
508.734876
504.709881
509.092988
512.157380
501.638550
514.466232
516.754059
510.161439
516.043432
512.952850
506.225178
522.938183
507.078174
525.159505
493.925693
502.662433
513.240325
503.124127
526.076937
550.839654
531.881113
556.182145
549.424360
548.344930
551.168120
541.538000
515.882433
509.079117
509.539165
530.455597
536.645885
532.617788
543.337343
529.628047
553.908099
556.387325
547.487486
558.201697
532.776796
552.901964
538.070756
517.473086
537.454457
555.171535
546.752785
544.515419
545.367141
538.291767
525.353408
523.211121
561.270438
552.065307
548.473232
552.477124
554.446638
534.398812
546.627415
525.844373
528.266207
533.129487
541.620658
540.288900
535.515656
523.457002
543.261010
535.309689
542.609052
547.690518
536.009674
543.099517
534.381101
505.757204
515.387688
523.768374
544.268407
531.441853
520.777222
543.321407
550.659875
538.831090
531.728269
535.914597
537.777949
540.000124
539.565227
536.441351
527.686277
530.435617
536.450934
529.762029
552.935370
546.152748
545.288660
561.292834
549.241246
555.402252
555.659419
541.346449
551.198311
522.496903
531.871885
538.720043
524.854719
526.229948
508.427205
526.597164
522.184481
543.110059
536.359557
545.647743
536.927666
522.992528
529.918189
524.807136
536.592436
511.124168
528.037493
541.460339
555.369215
526.973640
533.153975
540.129994
534.721541
522.130390
528.896608
528.909438
517.297091
520.144234
543.222597
537.111965
526.193221
542.076099
532.627819
535.593265
536.406881
532.919875
499.916294
502.629827
530.872940
539.309547
533.969133
528.624104
537.915535
559.838651
544.534963
533.839983
527.563738
519.101410
525.165273
514.591642
520.490005
533.949028
522.072358
513.676155
525.218924
512.776935
522.505862
518.645978
542.993478
544.697039
537.362970
541.840608
543.512561
538.531662
510.497486
541.894424
519.491289
517.246215
549.355274
546.196889
521.441377
545.282577
522.245149
531.005002
525.106886
505.627155
551.169290
553.834430
537.893771
556.338941
528.001416
542.781230
546.099100
525.301682
531.094156
522.727930
526.269780
535.739971
546.777428
543.630581
551.681505
539.326672
527.256080
527.194577
521.534652
531.063061
529.433081
522.623994
533.033386
514.553113
518.408850
516.640846
536.809918
538.396773
545.006133
532.150199
535.827018
537.459477
539.750230
536.140261
549.834531
545.191225
537.516867
535.401107
511.142197
518.982381
518.601136
536.773023
510.335330
538.230954
527.373353
519.879429
516.509966
517.153562
514.216415
501.996744
503.776650
499.934040
504.391707
503.713218
508.061554
493.345124
498.811413
490.653062
503.582593
499.886402
516.806389
517.765404
534.910514
507.775505
498.408907
513.169272
520.339796
529.965401
519.266938
522.391009
506.705065
517.121394
531.259622
523.559124
516.637957
532.788139
529.724530
505.110864
544.089020
519.164536
510.226896
523.421805
539.469488
525.646946
512.451363
515.813201
518.650666
526.966748
528.870974
523.792987
515.998511
524.474549
524.202394
536.724814
538.977253
537.168999
550.898630
548.992793
537.209904
512.132228
521.778573
516.734169
539.455853
520.097564
514.734510
529.201906
528.936477
514.452952
524.610342
510.937381
515.507928
512.570578
507.159483
508.512049
517.505060
535.345588
525.203164
544.275168
539.724913
527.146398
527.249330
524.266299
524.722437
521.246631
510.163718
531.865063
525.089941
533.426818
534.750892
548.899808
559.735090
525.752421
495.528715
517.033141
518.595823
512.627663
523.611375
511.108985
520.645777
523.749194
527.967092
533.888479
508.546101
527.880189
542.640528
528.204238
546.523342
535.626559
542.145816
527.406120
508.876743
520.920327
516.312624
500.309780
488.694256
535.228937
534.443915
543.973177
542.204299
531.895839
506.610252
517.718128
510.684599
533.971646
524.120309
527.678933
536.223428
528.813867
524.717820
521.947722
534.215917
529.376557
531.642469
542.391165
546.514934
536.711748
554.799942
543.273329
542.904093
532.857089
541.855606
529.717670
514.053135
520.860537
530.796963
508.241783
527.281920
536.023132
539.182622
524.052446
542.801705
560.229595
525.679788
540.243321
538.884593
512.820922
530.086314
527.147085
543.161139
533.752957
538.602569
553.056368
547.542450
540.884714
522.034266
543.215688
536.952385
532.467016
496.912285
529.034506
547.797769
536.610592
518.659851
506.467775
525.050618
537.507949
525.529909
530.412548
547.488383
545.005710
526.981256
526.858219
535.560898
529.166652
546.613736
511.436551
532.764929
531.967985
541.369710
523.852445
530.550535
544.092886
516.341424
537.826655
526.365077
537.308380
516.830408
527.795253
534.130638
555.381128
533.635523
525.335637
540.912586
530.149871
535.379266
546.214200
540.383751
535.468406
543.804718
512.591787
519.827242
515.897899
512.384336
501.795184
508.364989
511.563149
519.731381
518.851694
504.678877
505.696561
520.110290
511.916194
522.231759
524.402459
515.091500
531.962433
521.631939
518.240434
515.123180
531.082245
536.245017
511.721348
525.406719
525.716933
513.683179
521.021175
522.558304
519.924871
525.589940
524.762222
521.715479
516.976995
531.580327
542.160194
534.594494
544.593264
542.746873
543.783388
545.686750
538.762793
530.329334
541.467062
536.881230
545.167372
562.988884
559.150129
563.520583
532.754160
518.465994
533.584876
544.877001
531.485019
547.642133
557.842253
524.290737
490.896855
518.071083
520.770375
508.770033
541.147072
548.869181
547.720437
534.472617
532.069595
524.741421
534.388234
542.359218
515.610625
523.365868
532.694226
535.019488
531.318772
541.385105
543.045672
538.508071
525.986216
515.003552
524.439010
537.372626
542.952970
541.089675
532.600330
517.236864
542.520581
541.052724
529.032689
519.301185
521.523984
529.117915
531.096679
547.415468
532.205283
542.499185
535.343537
545.921689
538.869434
545.374206
533.147092
531.254843
541.940646
531.183571
544.668968
548.691018
537.537581
541.576606
544.622564
524.243333
539.259033
531.455056
520.233801
538.319944
510.252494
511.840550
530.350421
531.167575
552.791137
540.958882
533.160329
542.061819
527.012099
537.709176
548.158677
535.171107
536.109026
540.152558
505.936058
